74
ALJ54518.1_MERS_Human                  0.0000000 0.0091864 0.0091622 0.0091622 0.0091547 0.0091279 0.0091238 0.0091238 0.0090962 0.0090907 0.0091248 0.0091248 0.0091238 0.0091238 0.0045340 0.0045340 0.0090910 0.0091733 0.0045572 0.0045627 0.0137383 7.8961459 7.2874497 7.4576722 7.0470286 7.2468323 7.2228157 7.1899160 7.1058256 7.3125799 7.3153536 7.1170313 7.2981431 6.9369315 7.2737652 7.2353960 7.4319380 7.2189791 7.2899340 7.2091740 7.0841846 7.0322064 7.0322064 7.3223638 7.6078200 7.6819355 7.2172386 7.3855058 7.4566578 7.6301277 7.3057453 6.9247566 7.0045278 7.0046029 7.5437834 7.2880972 7.4298605 7.4227450 6.8724847 7.1289914 7.1289914 7.1422604 7.1422604 6.7813815 6.8485848 6.8227522 7.1824401 7.3707281 7.4227450 7.4227450 6.7867051 7.5358022 6.8730127 7.1963576 
AID55088.1_MERS_Human                  0.0091864 0.0000000 0.0091965 0.0091965 0.0091889 0.0091619 0.0091578 0.0091578 0.0091300 0.0091245 0.0091588 0.0091588 0.0091578 0.0091578 0.0045509 0.0045509 0.0091248 0.0092077 0.0045743 0.0045799 0.0137892 7.9697624 7.1139285 7.2836846 6.8783340 7.0717690 7.0505967 7.0208840 6.9382083 7.1407095 7.1421874 6.9479119 7.1199357 6.7700762 7.0963467 7.0620061 7.2613631 7.0478451 7.1170783 7.0387275 6.9161109 6.8658356 6.8658356 7.1467122 7.4193631 7.5935653 7.1348881 7.2658515 7.3331815 7.5457637 7.1889863 6.7706365 6.8499447 6.8502169 7.4620231 7.2103060 7.3500383 7.3431433 6.8028550 7.0552556 7.0552556 7.0656905 7.0656905 6.7141659 6.7796058 6.7540175 7.1071218 7.2926910 7.3431433 7.3431433 6.7186778 7.4534924 6.7145090 7.1182141 
ALK80291.1_MERS_Human                  0.0091622 0.0091965 0.0000000 0.0091723 0.0091647 0.0091379 0.0091338 0.0091338 0.0091061 0.0091007 0.0091348 0.0091348 0.0091338 0.0091338 0.0045390 0.0045390 0.0091010 0.0091834 0.0045623 0.0045678 0.0137530 8.0557960 7.3084054 7.4776087 7.0688472 7.1798437 7.2440047 7.2109087 7.1271453 7.3331675 7.3360871 7.1384770 7.2301604 6.9591589 7.2059789 7.2566639 7.4516372 7.2400609 7.3107899 7.2302289 7.1056913 7.0537998 7.0537998 7.3433572 7.4097900 7.7031564 7.2387647 7.4067639 7.4781094 7.6506792 7.3270221 6.9453202 7.0247217 7.0247700 7.4536808 7.2023149 7.3418690 7.3349948 6.7956132 7.0476453 7.0476453 7.0577955 7.0577955 6.7071541 6.7724261 6.7468579 7.0993612 7.2846905 7.3349948 7.3349948 6.7115842 7.4450925 6.7068504 7.1101691 
AGV08379.1_MERS_Human                  0.0091622 0.0091965 0.0091723 0.0000000 0.0091647 0.0091379 0.0091338 0.0091338 0.0091061 0.0091007 0.0091348 0.0091348 0.0091338 0.0091338 0.0045390 0.0045390 0.0091010 0.0091834 0.0045623 0.0045678 0.0137530 8.0964089 7.1045995 7.2742261 6.8693942 7.0623871 7.0413705 7.0118431 6.9292887 7.1314474 7.1328584 6.9389083 7.1103595 6.7612902 7.0868268 7.0527162 7.2520999 7.0386794 7.1077812 7.0296028 6.9071791 6.8570203 6.8570203 7.1372502 7.4090516 7.6015796 7.1459997 7.3116956 7.3806451 7.5534375 7.2335370 6.8382675 6.9178725 6.9180595 7.5340711 7.2804387 7.4210939 7.4140476 6.8680781 7.1227005 7.1227005 7.1356405 7.1356405 6.7776734 6.8443652 6.8187052 7.1756784 7.3625261 7.4140476 7.4140476 6.7829190 7.5260760 6.7839758 7.1892508 
AKL59401.1_MERS_Human                  0.0091547 0.0091889 0.0091647 0.0091647 0.0000000 0.0091304 0.0091263 0.0091263 0.0090987 0.0090933 0.0091273 0.0091273 0.0091263 0.0091263 0.0045355 0.0045355 0.0090935 0.0091758 0.0045587 0.0045642 0.0137414 7.9236464 7.1098136 7.2793401 6.8746243 7.0676739 7.0465911 7.0169885 6.9344470 7.1365971 7.1380438 6.9441055 7.1157054 6.7665383 7.0921658 7.0579612 7.2571302 7.0438686 7.1129742 7.0347779 6.9123666 6.8621900 6.8621900 7.1425049 7.4144806 7.5995673 7.1431762 7.3091744 7.3782179 7.5514026 7.2308856 6.7739119 6.8534391 6.8537077 7.5126229 7.2599900 7.4001359 7.3931462 6.8497052 7.1032921 7.1032921 7.1154859 7.1154859 6.7599195 6.8261592 6.8005579 7.1558622 7.3420276 7.3931462 7.3931462 6.7649503 7.5044830 6.7177233 7.0858274 
ANC28634.1_MERS_Human                  0.0091279 0.0091619 0.0091379 0.0091379 0.0091304 0.0000000 0.0090997 0.0090997 0.0090722 0.0090668 0.0091007 0.0091007 0.0090997 0.0090997 0.0045223 0.0045223 0.0090671 0.0091489 0.0045454 0.0045508 0.0137013 7.9142899 7.1098136 7.2793401 6.8746243 7.0676739 7.0465911 7.0169885 6.9344470 7.1365971 7.1380438 6.9441055 7.1157054 6.7665383 7.0921658 7.0579612 7.2571302 7.0438686 7.1129742 7.0347779 6.9123666 6.8621900 6.8621900 7.1425049 7.4144806 7.5526134 7.2099120 7.3773567 7.4480310 7.5065930 7.2980281 6.9159024 6.9169659 6.9171547 7.4178514 7.1687556 7.3071213 7.3003571 6.7664108 7.0161495 7.0161495 7.0251014 7.0251014 6.6791508 6.7435465 6.7181414 7.0670839 7.2508315 7.3003571 7.3003571 6.6832443 7.4090438 6.6835873 7.2661873 
ALA49374.1_MERS_Camel                  0.0091238 0.0091578 0.0091338 0.0091338 0.0091263 0.0090997 0.0000000 0.0000010 0.0090682 0.0090628 0.0090967 0.0090967 0.0090957 0.0090957 0.0045202 0.0045202 0.0090631 0.0091448 0.0045433 0.0045488 0.0045098 8.0173877 7.0205488 7.1880389 6.7902205 6.9781418 6.9585931 6.9308771 6.8498961 7.0478090 7.0486307 6.8587227 7.0241101 6.6841640 7.0012204 6.9693306 7.1677774 6.9564578 7.0239873 6.9477951 6.8278179 6.7789928 6.7789928 7.0518259 7.3145254 7.4942209 7.0513228 7.2133833 7.2793644 7.4508386 7.1374462 6.6909975 6.7692166 6.7695838 7.3701540 7.1233786 7.2605578 7.2539207 6.7255883 6.9730647 6.9730647 6.9804395 6.9804395 6.6396617 6.7030850 6.6778120 7.0231112 7.2052881 7.2539207 7.2539207 6.6433070 7.3610336 6.6333001 7.0311259 
AHZ58501.1_MERS_Human                  0.0091238 0.0091578 0.0091338 0.0091338 0.0091263 0.0090997 0.0000010 0.0000000 0.0090682 0.0090628 0.0090967 0.0090967 0.0090957 0.0090957 0.0045202 0.0045202 0.0090631 0.0091448 0.0045433 0.0045488 0.0045098 8.0173877 7.0205488 7.1880389 6.7902205 6.9781418 6.9585931 6.9308771 6.8498961 7.0478090 7.0486307 6.8587227 7.0241101 6.6841640 7.0012204 6.9693306 7.1677774 6.9564578 7.0239873 6.9477951 6.8278179 6.7789928 6.7789928 7.0518259 7.3145254 7.4942209 7.0513228 7.2133833 7.2793644 7.4508386 7.1374462 6.6909975 6.7692166 6.7695838 7.3701540 7.1233786 7.2605578 7.2539207 6.7255883 6.9730647 6.9730647 6.9804395 6.9804395 6.6396617 6.7030850 6.6778120 7.0231112 7.2052881 7.2539207 7.2539207 6.6433070 7.3610336 6.6333001 7.0311259 
ASU90527.1_MERS_Camel                  0.0090962 0.0091300 0.0091061 0.0091061 0.0090987 0.0090722 0.0090682 0.0090682 0.0000000 0.0090356 0.0090692 0.0090692 0.0090682 0.0090682 0.0045068 0.0045068 0.0090358 0.0091171 0.0045298 0.0000010 0.0136533 8.0496270 7.1546018 7.3242612 6.9181314 7.1128372 7.0910509 7.0606295 6.9777075 7.1809839 7.1827516 6.9877507 7.1616726 6.8095383 7.1379283 7.1027040 7.3011841 7.0880453 7.1575982 7.0787795 6.9557392 6.9051138 6.9051138 7.1878409 7.4630333 7.6337688 7.1766248 7.3426124 7.4121400 7.5844030 7.2641556 6.8071379 6.8864899 6.8867162 7.4998779 7.2475112 7.3875314 7.3805665 6.8380278 7.0912573 7.0912573 7.1030061 7.1030061 6.7485398 6.8145620 6.7889707 7.1436398 7.3296233 7.3805665 7.3805665 6.7534393 7.4916407 6.7307127 7.1332131 
ALA50067.1_MERS_Camel                  0.0090907 0.0091245 0.0091007 0.0091007 0.0090933 0.0090668 0.0090628 0.0090628 0.0090356 0.0000000 0.0090638 0.0090638 0.0090628 0.0090628 0.0045040 0.0045040 0.0090305 0.0091116 0.0045270 0.0045324 0.0136454 8.0781451 7.0713761 7.2410976 6.8368757 7.0288466 7.0083150 6.9793625 6.8970068 7.0985420 7.0997225 6.9063510 7.0762807 6.7290470 7.0528729 7.0194720 7.2195806 7.0058331 7.0746801 6.9968754 6.8747912 6.8249170 6.8249170 7.1036589 7.3734589 7.5511462 7.0990941 7.2639295 7.3318213 7.5050059 7.1864223 6.7326566 6.8118661 6.8121854 7.4221437 7.1712764 7.3106114 7.3037943 6.7662041 7.0175844 7.0175844 7.0266491 7.0266491 6.6783974 6.7431942 6.7176261 7.0688794 7.2538890 7.3037943 7.3037943 6.6825087 7.4133079 6.6754596 7.0786101 
ALJ54446.1_MERS_Human                  0.0091248 0.0091588 0.0091348 0.0091348 0.0091273 0.0091007 0.0090967 0.0090967 0.0090692 0.0090638 0.0000000 0.0000010 0.0090966 0.0090966 0.0045207 0.0045207 0.0090641 0.0091458 0.0045438 0.0045493 0.0136968 8.0023241 7.1537513 7.3240962 6.9163543 7.1238212 7.0899482 7.0594251 6.9761815 7.1802478 7.1820172 6.9862517 7.1732011 6.8073417 7.1492377 7.1016420 7.3009314 7.0869374 7.1567631 7.0776386 6.9541204 6.9033085 6.9033085 7.1871171 7.4774087 7.6348254 7.1759164 7.3425260 7.4123201 7.5852324 7.2637758 6.8050985 6.8847422 6.8849716 7.5003778 7.2470775 7.3876130 7.3806223 6.8361739 7.0902776 7.0902776 7.1020342 7.1020342 6.7464156 6.8126364 6.7869543 7.1428370 7.3294928 7.3806223 7.3806223 6.7513083 7.4921137 6.7428562 7.1552462 
AKO69634.1_MERS_Camel                  0.0091248 0.0091588 0.0091348 0.0091348 0.0091273 0.0091007 0.0090967 0.0090967 0.0090692 0.0090638 0.0000010 0.0000000 0.0090966 0.0090966 0.0045207 0.0045207 0.0090641 0.0091458 0.0045438 0.0045493 0.0136968 8.0023241 7.1537513 7.3240962 6.9163543 7.1238212 7.0899482 7.0594251 6.9761815 7.1802478 7.1820172 6.9862517 7.1732011 6.8073417 7.1492377 7.1016420 7.3009314 7.0869374 7.1567631 7.0776386 6.9541204 6.9033085 6.9033085 7.1871171 7.4774087 7.6348254 7.1759164 7.3425260 7.4123201 7.5852324 7.2637758 6.8050985 6.8847422 6.8849716 7.5003778 7.2470775 7.3876130 7.3806223 6.8361739 7.0902776 7.0902776 7.1020342 7.1020342 6.7464156 6.8126364 6.7869543 7.1428370 7.3294928 7.3806223 7.3806223 6.7513083 7.4921137 6.7428562 7.1552462 
ANF29239.1_MERS_Human                  0.0091238 0.0091578 0.0091338 0.0091338 0.0091263 0.0090997 0.0090957 0.0090957 0.0090682 0.0090628 0.0090966 0.0090966 0.0000000 0.0000010 0.0045200 0.0045200 0.0090631 0.0091448 0.0045431 0.0045486 0.0136959 7.7508590 7.0590236 7.2267342 6.8275356 7.0168954 6.9967776 6.9683630 6.8870335 7.0859804 7.0870608 6.8961843 7.0635557 6.7210352 7.0404818 7.0077371 7.2057327 6.9943976 7.0623323 6.9855867 6.8650449 6.8158319 6.8158319 7.0907782 7.3563238 7.5332041 7.0872634 7.2500702 7.3168989 7.4882722 7.1735902 6.7251921 6.8035407 6.8038667 7.4066793 7.1588469 7.2965361 7.2898207 6.7586505 7.0071875 7.0071875 7.0157821 7.0157821 6.6719019 6.7359235 6.7106196 7.0577828 7.2406427 7.2898207 7.2898207 6.6759002 7.3978243 6.6684123 7.0670173 
ALA49836.1_MERS_Camel                  0.0091238 0.0091578 0.0091338 0.0091338 0.0091263 0.0090997 0.0090957 0.0090957 0.0090682 0.0090628 0.0090966 0.0090966 0.0000010 0.0000000 0.0045200 0.0045200 0.0090631 0.0091448 0.0045431 0.0045486 0.0136959 7.7508590 7.0590236 7.2267342 6.8275356 7.0168954 6.9967776 6.9683630 6.8870335 7.0859804 7.0870608 6.8961843 7.0635557 6.7210352 7.0404818 7.0077371 7.2057327 6.9943976 7.0623323 6.9855867 6.8650449 6.8158319 6.8158319 7.0907782 7.3563238 7.5332041 7.0872634 7.2500702 7.3168989 7.4882722 7.1735902 6.7251921 6.8035407 6.8038667 7.4066793 7.1588469 7.2965361 7.2898207 6.7586505 7.0071875 7.0071875 7.0157821 7.0157821 6.6719019 6.7359235 6.7106196 7.0577828 7.2406427 7.2898207 7.2898207 6.6759002 7.3978243 6.6684123 7.0670173 
ALA49363.1_MERS_Camel                  0.0045340 0.0045509 0.0045390 0.0045390 0.0045355 0.0045223 0.0045202 0.0045202 0.0045068 0.0045040 0.0045207 0.0045207 0.0045200 0.0045200 0.0000000 0.0000010 0.0045041 0.0045444 0.0000010 0.0000010 0.0090744 7.9580239 7.1098136 7.2793401 6.8746243 7.0676739 7.0465911 7.0169885 6.9344470 7.1365971 7.1380438 6.9441055 7.1157054 6.7665383 7.0921658 7.0579612 7.2571302 7.0438686 7.1129742 7.0347779 6.9123666 6.8621900 6.8621900 7.1425049 7.4144806 7.5888162 7.1348881 7.3000964 7.3686689 7.5412648 7.2222275 6.7673618 6.8465709 6.8468470 7.4577291 7.2064157 7.3459344 7.3390560 6.7996608 7.0516827 7.0516827 7.0619747 7.0619747 6.7111433 6.7764578 6.7508990 7.1034332 7.2887228 7.3390560 7.3390560 6.7156163 7.4491767 6.7112071 7.1143804 
ATG84833.1_MERS_Human                  0.0045340 0.0045509 0.0045390 0.0045390 0.0045355 0.0045223 0.0045202 0.0045202 0.0045068 0.0045040 0.0045207 0.0045207 0.0045200 0.0045200 0.0000010 0.0000000 0.0045041 0.0045444 0.0000010 0.0000010 0.0090744 7.9580239 7.1098136 7.2793401 6.8746243 7.0676739 7.0465911 7.0169885 6.9344470 7.1365971 7.1380438 6.9441055 7.1157054 6.7665383 7.0921658 7.0579612 7.2571302 7.0438686 7.1129742 7.0347779 6.9123666 6.8621900 6.8621900 7.1425049 7.4144806 7.5888162 7.1348881 7.3000964 7.3686689 7.5412648 7.2222275 6.7673618 6.8465709 6.8468470 7.4577291 7.2064157 7.3459344 7.3390560 6.7996608 7.0516827 7.0516827 7.0619747 7.0619747 6.7111433 6.7764578 6.7508990 7.1034332 7.2887228 7.3390560 7.3390560 6.7156163 7.4491767 6.7112071 7.1143804 
AHY22545.1_MERS_Camel                  0.0090910 0.0091248 0.0091010 0.0091010 0.0090935 0.0090671 0.0090631 0.0090631 0.0090358 0.0090305 0.0090641 0.0090641 0.0090631 0.0090631 0.0045041 0.0045041 0.0000000 0.0091119 0.0045271 0.0045325 0.0136460 8.0697580 7.1591970 7.3066520 6.9031443 7.0962334 7.0748206 7.0448538 6.9624957 7.1643142 7.1659518 6.9723514 7.1445118 6.7952956 7.1209702 7.0863081 7.2840297 7.0719332 7.1409601 7.0627793 6.9406026 6.8903957 6.8903957 7.1707786 7.4432443 7.4202258 6.9705708 7.1356176 7.2017394 7.3785040 7.0586836 6.7939738 6.8728904 6.8731326 7.4825239 7.2317602 7.3709263 7.3640284 6.8251862 7.0768073 7.0768073 7.0879682 7.0879682 6.7364364 6.8019181 6.7764578 7.1287125 7.3135634 7.3640284 7.3640284 6.7411746 7.4741964 6.7388333 7.1405089 
ASY99842.1_MERS_Human                  0.0091733 0.0092077 0.0091834 0.0091834 0.0091758 0.0091489 0.0091448 0.0091448 0.0091171 0.0091116 0.0091458 0.0091458 0.0091448 0.0091448 0.0045444 0.0045444 0.0091119 0.0000000 0.0045677 0.0045732 0.0137700 7.9715544 7.1173106 7.2876123 6.8809129 7.0750468 7.0537586 7.0238979 6.9409498 7.1441444 7.1456517 6.9507068 7.1234259 6.7723092 7.0997462 7.0652232 7.2651453 7.0509784 7.1204578 7.0418206 6.9187939 6.8683435 6.8683435 7.1502395 7.4240774 7.5984961 7.1419770 7.3080129 7.3770613 7.5503458 7.2297101 6.7727038 6.8522338 6.8525039 7.4662449 7.2136866 7.3538714 7.3469479 6.8049331 7.0580829 7.0580829 7.0686516 7.0686516 6.7159678 6.7816097 6.7559539 7.1101391 7.2962933 7.3469479 7.3469479 6.7205116 7.4577199 6.7164789 7.1213721 
ALJ54491.1_MERS_Human                  0.0045572 0.0045743 0.0045623 0.0045623 0.0045587 0.0045454 0.0045433 0.0045433 0.0045298 0.0045270 0.0045438 0.0045438 0.0045431 0.0045431 0.0000010 0.0000010 0.0045271 0.0045677 0.0000000 0.0000010 0.0091209 7.8858464 7.0464313 7.2163672 6.8121567 7.0036201 6.9834228 6.9548680 6.8725537 7.0738590 7.0748703 6.8817031 7.0507038 6.7284231 7.0273645 6.9944554 7.1952889 6.9810966 7.0498291 6.9722173 6.8502255 6.8004912 6.8004912 7.0784709 7.3469764 7.5268019 7.0758774 7.2405470 7.3080164 7.4815751 7.1632449 6.7097966 6.7894524 6.7894524 7.3991531 7.1485152 7.2877778 7.2809989 6.7441952 6.9954044 6.9954044 7.0036810 7.0036810 6.6567435 6.7212841 6.6956775 7.0464401 7.2313563 7.2809989 7.2809989 6.6606232 7.3901332 6.6518327 7.0553884 
ASU90329.1_MERS_Camel                  0.0045627 0.0045799 0.0045678 0.0045678 0.0045642 0.0045508 0.0045488 0.0045488 0.0000010 0.0045324 0.0045493 0.0045493 0.0045486 0.0045486 0.0000010 0.0000010 0.0045325 0.0045732 0.0000010 0.0000000 0.0091318 8.1073442 7.0853272 7.2559656 6.8491567 7.0426811 7.0218297 6.9924737 6.9095568 7.1125147 7.1137999 6.9190642 7.0906211 6.7405652 7.0670219 7.0331291 7.2340573 7.0192472 7.0885988 7.0101887 6.8872506 6.8369694 6.8369694 7.1179533 7.3902075 7.5674693 7.1122354 7.2781093 7.3466368 7.5204828 7.2000447 6.7433372 6.8230092 6.8233164 7.4369147 7.1845654 7.3247034 7.3178265 6.7766911 7.0296689 7.0296689 7.0392204 7.0392204 6.6881700 6.7534910 6.7277808 7.0814032 7.2674936 7.3178265 7.3178265 6.6924130 7.4281520 6.7318763 7.1377916 
AKN24803.1_MERS_Human                  0.0137383 0.0137892 0.0137530 0.0137530 0.0137414 0.0137013 0.0045098 0.0045098 0.0136533 0.0136454 0.0136968 0.0136968 0.0136959 0.0136959 0.0090744 0.0090744 0.0136460 0.0137700 0.0091209 0.0091318 0.0000000 7.9040612 6.8643534 7.0346932 6.6338113 6.8199236 6.8021505 6.7767137 6.6954458 6.8933730 6.8932086 6.7031134 6.8641182 6.5273911 6.8414643 6.8123017 7.0169155 6.8010023 6.8683696 6.7927515 6.6725107 6.6242782 6.6242782 6.8943805 7.1521427 7.3468711 6.9060544 7.0685922 7.1326996 7.3082795 6.9931899 6.5456689 6.6248852 6.6254306 7.2292904 6.9813966 7.1194418 7.1129728 6.5855134 6.8334607 6.8334607 6.8360247 6.8360247 6.5014650 6.5635331 6.5379186 6.8822842 7.0654610 7.1129728 7.1129728 6.5036952 7.2189173 6.4828927 6.8854972 
YP_009072440.1_Hibecovirus_Bat         7.8961459 7.9697624 8.0557960 8.0964089 7.9236464 7.9142899 8.0173877 8.0173877 8.0496270 8.0781451 8.0023241 8.0023241 7.7508590 7.7508590 7.9580239 7.9580239 8.0697580 7.9715544 7.8858464 8.1073442 7.9040612 0.0000000 4.5989112 4.7469403 4.4386319 4.4923922 4.5159862 4.7546507 4.8046111 4.7507608 4.7876255 4.6051286 4.4477746 4.4086979 4.6188747 4.4267981 4.5940700 4.7266787 4.7656781 4.8170120 4.7314931 4.7406485 4.7406485 4.6598761 4.6324883 4.9571717 4.5099340 4.6003360 4.5889889 4.6013905 4.6157399 4.6314483 4.6804609 4.6266404 4.5644642 4.4663227 4.5469935 4.5522460 4.6015999 4.5121352 4.5121352 4.5645677 4.5645677 4.4875290 4.4744137 4.5735147 4.3619947 4.5407997 4.5526861 4.5526861 4.6789440 4.6566209 3.8661871 4.5941842 
EPI_ISL_412977_Bat-Virus_Bat           7.2874497 7.1139285 7.3084054 7.1045995 7.1098136 7.1098136 7.0205488 7.0205488 7.1546018 7.0713761 7.1537513 7.1537513 7.0590236 7.0590236 7.1098136 7.1098136 7.1591970 7.1173106 7.0464313 7.0853272 6.8643534 4.5989112 0.0000000 0.1176592 0.0845912 0.0961555 0.1132367 0.1155982 0.1048120 0.1252931 0.1183184 0.1089373 0.1110318 0.0911468 0.1031375 0.0828426 0.0919534 0.1219726 0.1272143 0.1092114 0.1010426 0.1077501 0.1077501 0.1006794 0.1230347 0.5551806 0.6175696 0.6094280 0.6237096 0.6331758 0.6081749 0.6084086 0.6210977 0.6084086 0.6579269 0.6281635 0.6438376 0.6297393 0.6328626 0.6097533 0.6097533 0.6297562 0.6297562 0.6475383 0.6283857 0.6328613 0.6282489 0.6075101 0.6297393 0.6297393 0.6450336 0.6459900 0.7255337 0.6494226 
KY417143_Bat-Virus_Bat                 7.4576722 7.2836846 7.4776087 7.2742261 7.2793401 7.2793401 7.1880389 7.1880389 7.3242612 7.2410976 7.3240962 7.3240962 7.2267342 7.2267342 7.2793401 7.2793401 7.3066520 7.2876123 7.2163672 7.2559656 7.0346932 4.7469403 0.1176592 0.0000000 0.1000132 0.1134792 0.0519291 0.0572045 0.0340140 0.0461441 0.0110711 0.0337144 0.1298573 0.1215991 0.1210520 0.1015488 0.1012327 0.0667981 0.0716176 0.0529900 0.0594156 0.0656224 0.0656224 0.0676234 0.1433850 0.5003586 0.5876336 0.5888175 0.5869681 0.6063935 0.5875725 0.5824581 0.5947039 0.5824581 0.6261554 0.5987554 0.6125689 0.5992621 0.6028537 0.5810258 0.5810258 0.6000211 0.6000211 0.6164921 0.5983502 0.6029699 0.5999990 0.5782764 0.5992621 0.5992621 0.6150398 0.6150886 0.6970498 0.6202595 
MG772934_Bat-Virus_Bat                 7.0470286 6.8783340 7.0688472 6.8693942 6.8746243 6.8746243 6.7902205 6.7902205 6.9181314 6.8368757 6.9163543 6.9163543 6.8275356 6.8275356 6.8746243 6.8746243 6.9031443 6.8809129 6.8121567 6.8491567 6.6338113 4.4386319 0.0845912 0.1000132 0.0000000 0.0529229 0.1091431 0.1060381 0.0931985 0.1287067 0.1005590 0.0938983 0.0593035 0.0718162 0.0594078 0.0111287 0.0863250 0.0932834 0.0992434 0.0863714 0.0863930 0.0929279 0.0929279 0.0999580 0.0763592 0.5294305 0.5836327 0.5764222 0.5900777 0.6203231 0.5752661 0.5903596 0.6025288 0.5903596 0.6460536 0.6178082 0.6324646 0.6189632 0.6221852 0.6000140 0.6000140 0.6192400 0.6192400 0.6361654 0.6177920 0.6222248 0.6178485 0.5976364 0.6189632 0.6189632 0.6407273 0.6347150 0.6685693 0.6361245 
DQ412042_Bat-Virus_Bat                 7.2468323 7.0717690 7.1798437 7.0623871 7.0676739 7.0676739 6.9781418 6.9781418 7.1128372 7.0288466 7.1238212 7.1238212 7.0168954 7.0168954 7.0676739 7.0676739 7.0962334 7.0750468 7.0036201 7.0426811 6.8199236 4.4923922 0.0961555 0.1134792 0.0529229 0.0000000 0.1169255 0.1187880 0.1065374 0.1367320 0.1141032 0.1077490 0.0168614 0.0517465 0.0055175 0.0459524 0.0834675 0.1124658 0.1176941 0.1128471 0.1047767 0.1113692 0.1113692 0.1106169 0.0232845 0.4975494 0.5676494 0.5609550 0.5741012 0.6072786 0.5598626 0.5805107 0.5923666 0.5805107 0.6107894 0.5840394 0.5972332 0.5840725 0.5879494 0.5637602 0.5637602 0.5852078 0.5852078 0.6013199 0.5833664 0.5881268 0.5839592 0.5633099 0.5840725 0.5840725 0.6061242 0.5999265 0.6148393 0.6315824 
JX993987_Bat-Virus_Bat                 7.2228157 7.0505967 7.2440047 7.0413705 7.0465911 7.0465911 6.9585931 6.9585931 7.0910509 7.0083150 7.0899482 7.0899482 6.9967776 6.9967776 7.0465911 7.0465911 7.0748206 7.0537586 6.9834228 7.0218297 6.8021505 4.5159862 0.1132367 0.0519291 0.1091431 0.1169255 0.0000000 0.0524159 0.0414893 0.0400052 0.0460750 0.0406185 0.1261684 0.1117034 0.1181638 0.1108642 0.0968068 0.0743700 0.0791717 0.0723597 0.0666369 0.0729873 0.0729873 0.0751793 0.1480681 0.4851339 0.5223014 0.5239811 0.5221243 0.5402477 0.5230092 0.5432748 0.5543636 0.5432748 0.5738768 0.5503526 0.5613778 0.5494690 0.5536615 0.5339860 0.5339860 0.5513250 0.5513250 0.5655109 0.5492669 0.5539620 0.5513686 0.5306926 0.5494690 0.5494690 0.5701565 0.5641489 0.6538856 0.6047386 
JX993988_Bat-Virus_Bat                 7.1899160 7.0208840 7.2109087 7.0118431 7.0169885 7.0169885 6.9308771 6.9308771 7.0606295 6.9793625 7.0594251 7.0594251 6.9683630 6.9683630 7.0169885 7.0169885 7.0448538 7.0238979 6.9548680 6.9924737 6.7767137 4.7546507 0.1155982 0.0572045 0.1060381 0.1187880 0.0524159 0.0000000 0.0645734 0.0719160 0.0513964 0.0516621 0.1351694 0.1208084 0.1199981 0.1069944 0.0864771 0.0812051 0.0859477 0.0917485 0.0987583 0.1053179 0.1053179 0.1060903 0.1487800 0.5165131 0.5695106 0.5708379 0.5690106 0.6022537 0.5696917 0.5760628 0.5879441 0.5760628 0.6206671 0.5945480 0.6076497 0.5949028 0.5984399 0.5774406 0.5774406 0.5957376 0.5957376 0.6114668 0.5940809 0.5985691 0.5957265 0.5747159 0.5949028 0.5949028 0.6160156 0.6101247 0.6837278 0.6078134 
DQ071615_Bat-Virus_Bat                 7.1058256 6.9382083 7.1271453 6.9292887 6.9344470 6.9344470 6.8498961 6.8498961 6.9777075 6.8970068 6.9761815 6.9761815 6.8870335 6.8870335 6.9344470 6.9344470 6.9624957 6.9409498 6.8725537 6.9095568 6.6954458 4.8046111 0.1048120 0.0340140 0.0931985 0.1065374 0.0414893 0.0645734 0.0000000 0.0403963 0.0282927 0.0399840 0.1226386 0.1088468 0.1076256 0.0946228 0.1016719 0.0535339 0.0584536 0.0403625 0.0347291 0.0406928 0.0406928 0.0420752 0.1358087 0.4900865 0.5398873 0.5414798 0.5395936 0.5594768 0.5404237 0.5447020 0.5559529 0.5447020 0.5999395 0.5743221 0.5867656 0.5740636 0.5780149 0.5571358 0.5571358 0.5754100 0.5754100 0.5908494 0.5735121 0.5782280 0.5754360 0.5540460 0.5740636 0.5740636 0.5901665 0.5894853 0.6524306 0.5995259 
DQ648857_Bat-Virus_Bat                 7.3125799 7.1407095 7.3331675 7.1314474 7.1365971 7.1365971 7.0478090 7.0478090 7.1809839 7.0985420 7.1802478 7.1802478 7.0859804 7.0859804 7.1365971 7.1365971 7.1643142 7.1441444 7.0738590 7.1125147 6.8933730 4.7507608 0.1252931 0.0461441 0.1287067 0.1367320 0.0400052 0.0719160 0.0403963 0.0000000 0.0402990 0.0520916 0.1463700 0.1454299 0.1381854 0.1307334 0.1241826 0.0722827 0.0769851 0.0584331 0.0648576 0.0710351 0.0710351 0.0731305 0.1693524 0.4692157 0.5392776 0.5435907 0.5389901 0.5500383 0.5398170 0.5700199 0.5817678 0.5700199 0.6196650 0.5892405 0.6063332 0.5933206 0.5981222 0.5717092 0.5717092 0.5953550 0.5953550 0.6114892 0.5936530 0.5982558 0.5904281 0.5727836 0.5933206 0.5933206 0.6102041 0.6088799 0.6834315 0.5998310 
KY417147_Bat-Virus_Bat                 7.3153536 7.1421874 7.3360871 7.1328584 7.1380438 7.1380438 7.0486307 7.0486307 7.1827516 7.0997225 7.1820172 7.1820172 7.0870608 7.0870608 7.1380438 7.1380438 7.1659518 7.1456517 7.0748703 7.1137999 6.8932086 4.7876255 0.1183184 0.0110711 0.1005590 0.1141032 0.0460750 0.0513964 0.0282927 0.0402990 0.0000000 0.0222605 0.1305918 0.1222765 0.1158174 0.1021104 0.1017908 0.0671506 0.0719902 0.0532614 0.0597230 0.0659634 0.0659634 0.0679829 0.1442283 0.4753807 0.5573480 0.5588180 0.5569269 0.5768097 0.5576860 0.5539535 0.5653711 0.5539535 0.5949072 0.5697774 0.5819069 0.5693911 0.5733831 0.5527717 0.5527717 0.5708353 0.5708353 0.5859903 0.5689085 0.5736127 0.5708667 0.5496402 0.5693911 0.5693911 0.5854465 0.5846355 0.6781495 0.5911648 
KY417142_Bat-Virus_Bat                 7.1170313 6.9479119 7.1384770 6.9389083 6.9441055 6.9441055 6.8587227 6.8587227 6.9877507 6.9063510 6.9862517 6.9862517 6.8961843 6.8961843 6.9441055 6.9441055 6.9723514 6.9507068 6.8817031 6.9190642 6.7031134 4.6051286 0.1089373 0.0337144 0.0938983 0.1077490 0.0406185 0.0516621 0.0399840 0.0520916 0.0222605 0.0000000 0.1240518 0.1158373 0.1093705 0.0957160 0.1024892 0.0732639 0.0780134 0.0713083 0.0656614 0.0719178 0.0719178 0.0725648 0.1374171 0.4866140 0.5328545 0.5344891 0.5326085 0.5452628 0.5334641 0.5288851 0.5396071 0.5288851 0.5697948 0.5465552 0.5573876 0.5455832 0.5498156 0.5302910 0.5302910 0.5475176 0.5475176 0.5615304 0.5454342 0.5501298 0.5475617 0.5269658 0.5455832 0.5455832 0.5661632 0.5601617 0.6448432 0.5902976 
KJ473811_Bat-Virus_Bat                 7.2981431 7.1199357 7.2301604 7.1103595 7.1157054 7.1157054 7.0241101 7.0241101 7.1616726 7.0762807 7.1732011 7.1732011 7.0635557 7.0635557 7.1157054 7.1157054 7.1445118 7.1234259 7.0507038 7.0906211 6.8641182 4.4477746 0.1110318 0.1298573 0.0593035 0.0168614 0.1261684 0.1351694 0.1226386 0.1463700 0.1305918 0.1240518 0.0000000 0.0710595 0.0227153 0.0521260 0.0981032 0.1212831 0.1265278 0.1216907 0.1133280 0.1200765 0.1200765 0.1192541 0.0419663 0.5280941 0.5858157 0.5787101 0.5920941 0.6408567 0.5775727 0.5965001 0.6087384 0.5965001 0.6286148 0.6009685 0.6149595 0.6015523 0.6051222 0.6010121 0.6010121 0.6022591 0.6022591 0.6188768 0.6006038 0.6052299 0.6009449 0.5803841 0.6015523 0.6015523 0.6235903 0.6174625 0.6634168 0.6734548 
KY417145_Bat-Virus_Bat                 6.9369315 6.7700762 6.9591589 6.7612902 6.7665383 6.7665383 6.6841640 6.6841640 6.8095383 6.7290470 6.8073417 6.8073417 6.7210352 6.7210352 6.7665383 6.7665383 6.7952956 6.7723092 6.7284231 6.7405652 6.5273911 4.4086979 0.0911468 0.1215991 0.0718162 0.0517465 0.1117034 0.1208084 0.1088468 0.1454299 0.1222765 0.1158373 0.0710595 0.0000000 0.0580839 0.0643068 0.0706286 0.1087129 0.1096998 0.1152839 0.1070136 0.1137464 0.1137464 0.1129638 0.0745823 0.4958814 0.5696858 0.5629073 0.5761573 0.6095605 0.5618036 0.5766698 0.5837958 0.5766698 0.6273472 0.5997373 0.6136885 0.6002803 0.6038788 0.5818553 0.5818553 0.6010196 0.6010196 0.6176222 0.5993478 0.6039916 0.5997093 0.5790938 0.6002803 0.6002803 0.6223463 0.6162083 0.6550571 0.6439805 
KJ473812_Bat-Virus_Bat                 7.2737652 7.0963467 7.2059789 7.0868268 7.0921658 7.0921658 7.0012204 7.0012204 7.1379283 7.0528729 7.1492377 7.1492377 7.0404818 7.0404818 7.0921658 7.0921658 7.1209702 7.0997462 7.0273645 7.0670219 6.8414643 4.6188747 0.1031375 0.1210520 0.0594078 0.0055175 0.1181638 0.1199981 0.1076256 0.1381854 0.1158174 0.1093705 0.0227153 0.0580839 0.0000000 0.0522217 0.0903501 0.1199780 0.1251868 0.1203791 0.1121143 0.1187956 0.1187956 0.1179889 0.0294068 0.5062239 0.5774183 0.5704917 0.5837876 0.6170535 0.5693723 0.5901838 0.6022203 0.5901838 0.6213362 0.5939951 0.6076898 0.5943473 0.5980555 0.5734903 0.5734903 0.5952335 0.5952335 0.6116882 0.5934956 0.5981921 0.5939471 0.5732736 0.5943473 0.5943473 0.6164511 0.6102822 0.6206304 0.6413354 
MG772933_Bat-Virus_Bat                 7.2353960 7.0620061 7.2566639 7.0527162 7.0579612 7.0579612 6.9693306 6.9693306 7.1027040 7.0194720 7.1016420 7.1016420 7.0077371 7.0077371 7.0579612 7.0579612 7.0863081 7.0652232 6.9944554 7.0331291 6.8123017 4.4267981 0.0828426 0.1015488 0.0111287 0.0459524 0.1108642 0.1069944 0.0946228 0.1307334 0.1021104 0.0957160 0.0521260 0.0643068 0.0522217 0.0000000 0.0782669 0.1006650 0.0997524 0.0998072 0.0868276 0.0934010 0.0934010 0.0927603 0.0683061 0.5225263 0.5798934 0.5729278 0.5862279 0.6066129 0.5718056 0.5865660 0.5983839 0.5865660 0.6309631 0.6038222 0.6176241 0.6044870 0.6079268 0.5863176 0.5863176 0.6051078 0.6051078 0.6214238 0.6035202 0.6080212 0.6038093 0.5837010 0.6044870 0.6044870 0.6260122 0.6200365 0.6753233 0.6312945 
KJ473816_Bat-Virus_Bat                 7.4319380 7.2613631 7.4516372 7.2520999 7.2571302 7.2571302 7.1677774 7.1677774 7.3011841 7.2195806 7.3009314 7.3009314 7.2057327 7.2057327 7.2571302 7.2571302 7.2840297 7.2651453 7.1952889 7.2340573 7.0169155 4.5940700 0.0919534 0.1012327 0.0863250 0.0834675 0.0968068 0.0864771 0.1016719 0.1241826 0.1017908 0.1024892 0.0981032 0.0706286 0.0903501 0.0782669 0.0000000 0.0875031 0.0929718 0.0949598 0.0999672 0.1066156 0.1066156 0.1058866 0.1095637 0.5554994 0.6337712 0.6250669 0.6398070 0.6740083 0.6237572 0.6530612 0.6672471 0.6530612 0.6536169 0.6585752 0.6396607 0.6257496 0.6640069 0.6395538 0.6395538 0.6606348 0.6606348 0.6797968 0.6596062 0.6638853 0.6588085 0.6038345 0.6257496 0.6257496 0.6843221 0.6418589 0.7485271 0.6696942 
KJ473814_Bat-Virus_Bat                 7.2189791 7.0478451 7.2400609 7.0386794 7.0438686 7.0438686 6.9564578 6.9564578 7.0880453 7.0058331 7.0869374 7.0869374 6.9943976 6.9943976 7.0438686 7.0438686 7.0719332 7.0509784 6.9810966 7.0192472 6.8010023 4.7266787 0.1219726 0.0667981 0.0932834 0.1124658 0.0743700 0.0812051 0.0535339 0.0722827 0.0671506 0.0732639 0.1212831 0.1087129 0.1199780 0.1006650 0.0875031 0.0000000 0.0110931 0.0166671 0.0223335 0.0280346 0.0280346 0.0338877 0.1420944 0.4865793 0.5605141 0.5538976 0.5520487 0.5913479 0.5528115 0.5865126 0.5986834 0.5865126 0.6558455 0.6282822 0.6422032 0.6285684 0.6229422 0.6103835 0.6103835 0.6286130 0.6286130 0.6367765 0.6186052 0.6229784 0.6283657 0.6070601 0.6285684 0.6285684 0.6412843 0.6443138 0.7336446 0.6007420 
GQ153543_Bat-Virus_Bat                 7.2899340 7.1170783 7.3107899 7.1077812 7.1129742 7.1129742 7.0239873 7.0239873 7.1575982 7.0746801 7.1567631 7.1567631 7.0623323 7.0623323 7.1129742 7.1129742 7.1409601 7.1204578 7.0498291 7.0885988 6.8683696 4.7656781 0.1272143 0.0716176 0.0992434 0.1176941 0.0791717 0.0859477 0.0584536 0.0769851 0.0719902 0.0780134 0.1265278 0.1096998 0.1251868 0.0997524 0.0929718 0.0110931 0.0000000 0.0221816 0.0221551 0.0278104 0.0278104 0.0336132 0.1474020 0.4814781 0.5471749 0.5410073 0.5391738 0.5777112 0.5399824 0.5725848 0.5842059 0.5725848 0.6390649 0.6131138 0.6259218 0.6129143 0.6079098 0.5958199 0.5958199 0.6133253 0.6133253 0.6210171 0.6036313 0.6080014 0.6131350 0.5923444 0.6129143 0.6129143 0.6254787 0.6281900 0.7225657 0.5943139 
KY417148_Bat-Virus_Bat                 7.2091740 7.0387275 7.2302289 7.0296028 7.0347779 7.0347779 6.9477951 6.9477951 7.0787795 6.9968754 7.0776386 7.0776386 6.9855867 6.9855867 7.0347779 7.0347779 7.0627793 7.0418206 6.9722173 7.0101887 6.7927515 4.8170120 0.1092114 0.0529900 0.0863714 0.1128471 0.0723597 0.0917485 0.0403625 0.0584331 0.0532614 0.0713083 0.1216907 0.1152839 0.1203791 0.0998072 0.0949598 0.0166671 0.0221816 0.0000000 0.0110362 0.0166258 0.0166258 0.0223275 0.1425656 0.4884027 0.5637154 0.5568596 0.5549728 0.5952376 0.5557386 0.5904016 0.6029983 0.5904016 0.6622797 0.6334603 0.6481207 0.6339356 0.6279601 0.6149658 0.6149658 0.6338484 0.6338484 0.6423705 0.6235096 0.6279778 0.6335695 0.6116246 0.6339356 0.6339356 0.6400620 0.6502108 0.7375826 0.6103846 
KJ473815_Bat-Virus_Bat                 7.0841846 6.9161109 7.1056913 6.9071791 6.9123666 6.9123666 6.8278179 6.8278179 6.9557392 6.8747912 6.9541204 6.9541204 6.8650449 6.8650449 6.9123666 6.9123666 6.9406026 6.9187939 6.8502255 6.8872506 6.6725107 4.7314931 0.1010426 0.0594156 0.0863930 0.1047767 0.0666369 0.0987583 0.0347291 0.0648576 0.0597230 0.0656614 0.1133280 0.1070136 0.1121143 0.0868276 0.0999672 0.0223335 0.0221551 0.0110362 0.0000000 0.0055051 0.0055051 0.0110892 0.1334400 0.4929393 0.5366480 0.5305706 0.5286756 0.5682314 0.5295532 0.5627194 0.5744715 0.5627194 0.6303709 0.6041658 0.6169132 0.6036840 0.5988337 0.5865035 0.5865035 0.6043287 0.6043287 0.6120855 0.5944099 0.5989633 0.6041540 0.5827919 0.6036840 0.6036840 0.6107960 0.6193554 0.7157547 0.6096412 
GQ153548_Bat-Virus_Bat                 7.0322064 6.8658356 7.0537998 6.8570203 6.8621900 6.8621900 6.7789928 6.7789928 6.9051138 6.8249170 6.9033085 6.9033085 6.8158319 6.8158319 6.8621900 6.8621900 6.8903957 6.8683435 6.8004912 6.8369694 6.6242782 4.7406485 0.1077501 0.0656224 0.0929279 0.1113692 0.0729873 0.1053179 0.0406928 0.0710351 0.0659634 0.0719178 0.1200765 0.1137464 0.1187956 0.0934010 0.1066156 0.0280346 0.0278104 0.0166258 0.0055051 0.0000000 0.0000010 0.0167073 0.1406078 0.5050724 0.5399305 0.5337801 0.5318903 0.5699524 0.5327528 0.5678668 0.5796163 0.5678668 0.6326626 0.6061885 0.6191104 0.6057655 0.6008206 0.5883977 0.5883977 0.6063636 0.6063636 0.6142008 0.5963760 0.6009432 0.6061842 0.5846909 0.6057655 0.6057655 0.6128402 0.6215402 0.7192511 0.6156428 
DQ022305_Bat-Virus_Bat                 7.0322064 6.8658356 7.0537998 6.8570203 6.8621900 6.8621900 6.7789928 6.7789928 6.9051138 6.8249170 6.9033085 6.9033085 6.8158319 6.8158319 6.8621900 6.8621900 6.8903957 6.8683435 6.8004912 6.8369694 6.6242782 4.7406485 0.1077501 0.0656224 0.0929279 0.1113692 0.0729873 0.1053179 0.0406928 0.0710351 0.0659634 0.0719178 0.1200765 0.1137464 0.1187956 0.0934010 0.1066156 0.0280346 0.0278104 0.0166258 0.0055051 0.0000010 0.0000000 0.0167073 0.1406078 0.5050724 0.5399305 0.5337801 0.5318903 0.5699524 0.5327528 0.5678668 0.5796163 0.5678668 0.6326626 0.6061885 0.6191104 0.6057655 0.6008206 0.5883977 0.5883977 0.6063636 0.6063636 0.6142008 0.5963760 0.6009432 0.6061842 0.5846909 0.6057655 0.6057655 0.6128402 0.6215402 0.7192511 0.6156428 
KF294457_Bat-Virus_Bat                 7.3223638 7.1467122 7.3433572 7.1372502 7.1425049 7.1425049 7.0518259 7.0518259 7.1878409 7.1036589 7.1871171 7.1871171 7.0907782 7.0907782 7.1425049 7.1425049 7.1707786 7.1502395 7.0784709 7.1179533 6.8943805 4.6598761 0.1006794 0.0676234 0.0999580 0.1106169 0.0751793 0.1060903 0.0420752 0.0731305 0.0679829 0.0725648 0.1192541 0.1129638 0.1179889 0.0927603 0.1058866 0.0338877 0.0336132 0.0223275 0.0110892 0.0167073 0.0167073 0.0000000 0.1396087 0.5146117 0.5637816 0.5570299 0.5551715 0.5910854 0.5559250 0.5899896 0.6023177 0.5899896 0.6557931 0.6281416 0.6421050 0.6284241 0.6227827 0.6101814 0.6101814 0.6284723 0.6284723 0.6366619 0.6184297 0.6228197 0.6282248 0.6068423 0.6284241 0.6284241 0.6346022 0.6442242 0.7174895 0.6372257 
DQ648856_Bat-Virus_Bat                 7.6078200 7.4193631 7.4097900 7.4090516 7.4144806 7.4144806 7.3145254 7.3145254 7.4630333 7.3734589 7.4774087 7.4774087 7.3563238 7.3563238 7.4144806 7.4144806 7.4432443 7.4240774 7.3469764 7.3902075 7.1521427 4.6324883 0.1230347 0.1433850 0.0763592 0.0232845 0.1480681 0.1487800 0.1358087 0.1693524 0.1442283 0.1374171 0.0419663 0.0745823 0.0294068 0.0683061 0.1095637 0.1420944 0.1474020 0.1425656 0.1334400 0.1406078 0.1406078 0.1396087 0.0000000 0.5389949 0.6143909 0.6064788 0.6204524 0.6545253 0.6052552 0.6209411 0.6335867 0.6209411 0.6129567 0.5863511 0.5995176 0.5864560 0.5902536 0.5662380 0.5662380 0.5875224 0.5875224 0.6035437 0.5857240 0.5904199 0.5862788 0.5658506 0.5864560 0.5864560 0.6082920 0.6021629 0.6168636 0.6190017 
EPI_ISL_410542_Pangolin-Virus_Pangolin 7.6819355 7.5935653 7.7031564 7.6015796 7.5995673 7.5526134 7.4942209 7.4942209 7.6337688 7.5511462 7.6348254 7.6348254 7.5332041 7.5332041 7.5888162 7.5888162 7.4202258 7.5984961 7.5268019 7.5674693 7.3468711 4.9571717 0.5551806 0.5003586 0.5294305 0.4975494 0.4851339 0.5165131 0.4900865 0.4692157 0.4753807 0.4866140 0.5280941 0.4958814 0.5062239 0.5225263 0.5554994 0.4865793 0.4814781 0.4884027 0.4929393 0.5050724 0.5050724 0.5146117 0.5389949 0.0000000 0.1453852 0.1764075 0.1877097 0.1615666 0.1712778 0.3381474 0.3428939 0.3355338 0.3766376 0.4090102 0.3766376 0.3938031 0.3816465 0.3950607 0.3950607 0.3685292 0.3685292 0.3870418 0.3791973 0.3762593 0.3990612 0.3842583 0.3849267 0.3849267 0.3903891 0.3987086 0.5225573 0.4649498 
EPI_ISL_410544_Pangolin-Virus_Pangolin 7.2172386 7.1348881 7.2387647 7.1459997 7.1431762 7.2099120 7.0513228 7.0513228 7.1766248 7.0990941 7.1759164 7.1759164 7.0872634 7.0872634 7.1348881 7.1348881 6.9705708 7.1419770 7.0758774 7.1122354 6.9060544 4.5099340 0.6175696 0.5876336 0.5836327 0.5676494 0.5223014 0.5695106 0.5398873 0.5392776 0.5573480 0.5328545 0.5858157 0.5696858 0.5774183 0.5798934 0.6337712 0.5605141 0.5471749 0.5637154 0.5366480 0.5399305 0.5399305 0.5637816 0.6143909 0.1453852 0.0000000 0.0437768 0.0431562 0.1257464 0.0318064 0.3067838 0.3067838 0.2995623 0.4011313 0.3599017 0.3917257 0.4092104 0.3804474 0.3412135 0.3412135 0.3739587 0.3739587 0.3902118 0.3822222 0.3797270 0.3500375 0.3995509 0.4001666 0.4001666 0.3892378 0.4144248 0.4540045 0.4050989 
QRN78347.1_Sars-Cov-2_Human            7.3855058 7.2658515 7.4067639 7.3116956 7.3091744 7.3773567 7.2133833 7.2133833 7.3426124 7.2639295 7.3425260 7.3425260 7.2500702 7.2500702 7.3000964 7.3000964 7.1356176 7.3080129 7.2405470 7.2781093 7.0685922 4.6003360 0.6094280 0.5888175 0.5764222 0.5609550 0.5239811 0.5708379 0.5414798 0.5435907 0.5588180 0.5344891 0.5787101 0.5629073 0.5704917 0.5729278 0.6250669 0.5538976 0.5410073 0.5568596 0.5305706 0.5337801 0.5337801 0.5570299 0.6064788 0.1764075 0.0437768 0.0000000 0.0261620 0.1372084 0.0154280 0.3508831 0.3508831 0.3433974 0.4384241 0.4192800 0.4288645 0.4467427 0.4151956 0.4002830 0.4002830 0.4080927 0.4080927 0.4254782 0.4171054 0.4144707 0.4074344 0.4370520 0.4375042 0.4375042 0.4242965 0.4525854 0.4708746 0.4072558 
QWK65230.1_Sars-Cov-2_Human            7.4566578 7.3331815 7.4781094 7.3806451 7.3782179 7.4480310 7.2793644 7.2793644 7.4121400 7.3318213 7.4123201 7.4123201 7.3168989 7.3168989 7.3686689 7.3686689 7.2017394 7.3770613 7.3080164 7.3466368 7.1326996 4.5889889 0.6237096 0.5869681 0.5900777 0.5741012 0.5221243 0.5690106 0.5395936 0.5389901 0.5569269 0.5326085 0.5920941 0.5761573 0.5837876 0.5862279 0.6398070 0.5520487 0.5391738 0.5549728 0.5286756 0.5318903 0.5318903 0.5551715 0.6204524 0.1877097 0.0431562 0.0261620 0.0000000 0.1295013 0.0102839 0.3561884 0.3561884 0.3487360 0.4102938 0.3862848 0.4010473 0.4182616 0.3899591 0.3677892 0.3677892 0.3834390 0.3834390 0.3996688 0.3917347 0.3892512 0.3747966 0.4087905 0.4093563 0.4093563 0.3986460 0.4235193 0.4738396 0.4055656 
MN996532_Bat-Virus_Bat                 7.6301277 7.5457637 7.6506792 7.5534375 7.5514026 7.5065930 7.4508386 7.4508386 7.5844030 7.5050059 7.5852324 7.5852324 7.4882722 7.4882722 7.5412648 7.5412648 7.3785040 7.5503458 7.4815751 7.5204828 7.3082795 4.6013905 0.6331758 0.6063935 0.6203231 0.6072786 0.5402477 0.6022537 0.5594768 0.5500383 0.5768097 0.5452628 0.6408567 0.6095605 0.6170535 0.6066129 0.6740083 0.5913479 0.5777112 0.5952376 0.5682314 0.5699524 0.5699524 0.5910854 0.6545253 0.1615666 0.1257464 0.1372084 0.1295013 0.0000000 0.1291095 0.3438359 0.3486476 0.3412010 0.3867420 0.3518666 0.3775605 0.3900472 0.3722056 0.3465304 0.3465304 0.3681737 0.3681737 0.3762198 0.3685930 0.3758442 0.3648304 0.3851274 0.3857874 0.3857874 0.3807993 0.3994821 0.5137989 0.4424150 
MN908947_Sars-Cov-2_Human              7.3057453 7.1889863 7.3270221 7.2335370 7.2308856 7.2980281 7.1374462 7.1374462 7.2641556 7.1864223 7.2637758 7.2637758 7.1735902 7.1735902 7.2222275 7.2222275 7.0586836 7.2297101 7.1632449 7.2000447 6.9931899 4.6157399 0.6081749 0.5875725 0.5752661 0.5598626 0.5230092 0.5696917 0.5404237 0.5398170 0.5576860 0.5334641 0.5775727 0.5618036 0.5693723 0.5718056 0.6237572 0.5528115 0.5399824 0.5557386 0.5295532 0.5327528 0.5327528 0.5559250 0.6052552 0.1712778 0.0318064 0.0154280 0.0102839 0.1291095 0.0000000 0.3476077 0.3476077 0.3402155 0.4302979 0.4055228 0.4208246 0.4385166 0.4094485 0.3866712 0.3866712 0.4024631 0.4024631 0.4196302 0.4113328 0.4087251 0.3937876 0.4288828 0.4293700 0.4293700 0.4184750 0.4441926 0.4646607 0.4080499 
